# oST version 5.0 parameters


[image]

width
1200

height
400

[narrow_stereo]

camera matrix
685.809408 0.000000 605.032930
0.000000 421.784495 173.096620
0.000000 0.000000 1.000000

distortion
-0.169677 0.022122 0.066199 0.002306 0.000000

rectification
1.000000 0.000000 0.000000
0.000000 1.000000 0.000000
0.000000 0.000000 1.000000

projection
612.492859 0.000000 613.265210 0.000000
0.000000 408.115936 192.592641 0.000000
0.000000 0.000000 1.000000 0.000000

