image_width: 1626
image_height: 1236
# narrow_stereo
# acA1600-20gm
# Basler
camera_name: camera
camera_matrix:
  rows: 3
  cols: 3
#  data: [407.606945, 1.000000, 757.623141, 0.000000, 414.875061, 597.100444, 0.000000, 1.000000, 1.000000]
  data: [307.606945, 0.000000, 657.623141, 0.000000, 314.875061, 697.100444, 0.000000, 0.000000, 1.000000]
distortion_model: plumb_bob
distortion_coefficients:
  rows: 1
  cols: 5
  data: [-0.126089, 0.011172, 0.000980, -0.001432, 0.000000]
rectification_matrix:
  rows: 3
  cols: 3
  data: [1.000000, 0.000000, 0.000000, 0.000000, 1.000000, 0.000000, 0.000000, 0.000000, 1.000000]
projection_matrix:
  rows: 3
  cols: 4
  data: [278.375031, 0.000000, 743.184231, 0.000000, 0.000000, 285.399048, 600.470709, 0.000000, 0.000000, 0.000000, 1.000000, 0.000000]
