image_width: 1200
image_height: 400
camera_name: camera
camera_matrix:
  rows: 3
  cols: 3
  data: [685.809408, 0.000000, 605.032930, 0.000000, 421.784495, 173.096620, 0.000000, 0.000000, 1.000000]
distortion_model: plumb_bob
distortion_coefficients:
  rows: 1
  cols: 5
  data: [-0.169677, 0.022122, 0.066199, 0.002306, 0.000000]
rectification_matrix:
  rows: 3
  cols: 3
  data: [1.000000, 0.000000, 0.000000, 0.000000, 1.000000, 0.000000, 0.000000, 0.000000, 1.000000]
projection_matrix:
  rows: 3
  cols: 4
  data: [612.492859, 0.000000, 613.265210, 0.000000, 0.000000, 408.115936, 192.592641, 0.000000, 0.000000, 0.000000, 1.000000, 0.000000]
